1	0.5	2.1634e+32	3.9748e+03
2	0.8	1.2838e+33	5.0980e+03
3	1	3.4929e+33	5.6523e+03
4	2	7.0504e+34	9.8095e+03
5	3	3.4375e+35	1.3120e+04
6	5	2.2778e+36	1.8144e+04
7	7	7.2487e+36	2.1921e+04
8	10	2.2780e+37	2.6249e+04
9	12	3.9564e+37	2.8560e+04
10	14	6.1977e+37	3.0551e+04
11	15	7.5417e+37	3.1454e+04
12	17	1.0684e+38	3.3109e+04
13	19	1.4373e+38	3.4546e+04
14	20	1.6471e+38	3.5233e+04
15	22	2.1131e+38	3.6526e+04
16	24	2.6167e+38	3.7584e+04
17	25	2.8938e+38	3.8108e+04
18	27	3.5037e+38	3.9218e+04
19	29	4.1411e+38	4.0103e+04
20	30	4.4767e+38	4.0512e+04
21	32	5.1840e+38	4.1277e+04
22	34	5.9427e+38	4.1977e+04
23	35	6.3442e+38	4.2307e+04
24	36	6.7622e+38	4.2626e+04
25	38	7.6552e+38	4.3236e+04
26	40	8.5100e+38	4.3851e+04
27	42	9.4412e+38	4.4407e+04
28	43	9.9206e+38	4.4672e+04
29	45	1.0907e+39	4.5179e+04
30	47	1.1927e+39	4.5655e+04
31	50	1.3520e+39	4.6320e+04
32	53	1.5183e+39	4.6931e+04
33	55	1.6329e+39	4.7312e+04
34	57	1.7504e+39	4.7674e+04
35	60	1.9317e+39	4.8183e+04
