1	160	3.41e+07	50000
2	150	2.59e+06	50000
3	140	2.15e+06	50000
4	130	2.15e+06	50000
5	120	2.15e+06	50000
6	110	1.36e+06	50000
7	100	1.24e+06	50000
8	60	9.40e+05	50000
9	159.7	2.71e+07	47600
10	149.3	2.25e+06	47600
11	139	1.87e+06	47600
12	128.6	1.73e+06	47800
13	118.2	1.58e+06	47800
14	107.9	1.09e+06	47800
15	97.5	9.94e+05	47800
16	37	7.54e+05	47800
17	159.4	2.14e+07	45200
18	148.6	2.14e+06	45200
19	137.9	1.62e+06	45200
20	127.2	1.52e+06	45600
21	116.5	1.26e+06	45600
22	105.7	8.72e+05	45600
23	95	7.95e+05	45600
24	30	6.03e+05	45600
25	159	1.68e+07	42800
26	148	1.85e+06	42800
27	136.9	1.40e+06	42800
28	125.8	1.21e+06	43400
29	114.7	9.17e+05	43400
30	103.6	6.96e+05	43400
31	92.5	6.34e+05	43400
32	23	4.81e+05	43400
33	158.7	1.32e+07	40400
34	147.3	1.74e+06	40400
35	135.8	1.20e+06	40400
36	124.4	9.60e+05	41200
37	112.9	7.28e+05	41200
38	101.5	5.52e+05	41200
39	90	5.04e+05	41200
40	20	3.82e+05	41200
41	158.4	1.03e+07	38000
42	142	1.48e+06	38000
43	125.6	1.03e+06	38000
44	109.2	7.59e+05	39000
45	92.8	5.25e+05	39000
46	76.4	4.37e+05	39000
47	60	3.98e+05	39000
48	17.5	3.02e+05	39000
49	136.7	7.81e+06	35400
50	120.1	1.36e+06	35400
51	103.5	7.81e+05	35400
52	86.9	6.54e+05	36800
53	70.2	3.76e+05	36800
54	53.6	3.13e+05	36800
55	37	2.60e+05	36800
56	14.2	1.80e+05	36800
57	115.1	5.88e+06	32800
58	100.9	1.12e+06	32800
59	86.7	5.88e+05	32800
60	72.5	5.10e+05	34600
61	58.4	2.94e+05	34600
62	44.2	2.23e+05	34600
63	30	1.54e+05	34600
64	10.9	1.07e+05	34600
65	93.4	4.37e+06	30200
66	81.7	9.13e+05	30200
67	69.9	4.37e+05	30200
68	58.2	3.60e+05	32400
69	46.5	2.07e+05	32400
70	34.7	1.57e+05	32400
71	23	9.91e+04	32400
72	7.6	5.70e+04	32400
73	71.8	3.19e+06	27600
74	63.1	7.31e+05	27600
75	54.5	3.19e+05	27600
76	45.9	2.76e+05	30200
77	37.3	1.59e+05	30200
78	28.6	1.10e+05	30200
79	20	5.76e+04	30200
80	6.7	3.31e+04	30200
81	50.1	2.28e+06	25000
82	44.7	5.73e+05	25000
83	39.2	2.28e+05	25000
84	33.8	1.90e+05	28000
85	28.4	1.09e+05	28000
86	22.9	7.57e+04	28000
87	17.5	3.62e+04	28000
88	5.9	1.90e+04	28000
89	45.1	2.02e+06	23790
90	40	5.07e+05	23790
91	34.8	1.84e+05	23790
92	29.7	1.34e+05	26190
93	24.5	5.34e+04	26190
94	19.4	3.70e+04	26190
95	14.2	1.94e+04	26190
96	5.2	1.02e+04	26190
97	40.1	1.62e+06	22580
98	35.2	4.46e+05	22580
99	30.4	1.62e+05	22580
100	25.5	9.36e+04	24380
101	20.6	2.83e+04	24380
102	15.8	1.96e+04	24380
103	10.9	9.36e+03	24380
104	4.5	5.39e+03	24380
105	35.1	1.42e+06	21370
106	30.5	4.28e+05	21370
107	25.9	1.29e+05	21370
108	21.4	6.45e+04	22570
109	16.8	1.35e+04	22570
110	12.2	9.32e+03	22570
111	7.6	4.89e+03	22570
112	3.8	2.57e+03	22570
113	30.1	1.23e+06	20160
114	26.2	3.38e+05	20160
115	22.3	1.12e+05	20160
116	18.4	4.37e+04	20760
117	14.5	6.93e+03	20760
118	10.6	4.79e+03	20760
119	6.7	2.29e+03	20760
120	3.4	1.32e+03	20760
121	25.1	9.65e+05	18950
122	21.9	2.91e+05	18950
123	18.7	8.80e+04	18950
124	15.5	2.91e+04	18950
125	12.3	3.19e+03	18950
126	9.1	2.21e+03	18950
127	5.9	1.16e+03	18950
128	2.9	6.67e+02	18950
129	23.2	7.58e+05	17140
130	20.2	2.29e+05	17140
131	17.2	6.31e+04	17140
132	14.2	1.74e+04	17140
133	11.2	1.74e+03	17140
134	8.2	1.20e+03	17140
135	5.2	6.92e+02	17140
136	2.7	3.63e+02	17140
137	21.4	5.33e+05	15330
138	18.6	1.93e+05	15330
139	15.8	4.43e+04	15330
140	12.9	1.11e+04	15330
141	10.1	1.01e+03	15330
142	7.3	6.40e+02	15330
143	4.5	4.04e+02	15330
144	2.5	1.93e+02	15330
145	19.5	3.67e+05	13520
146	16.9	1.60e+05	13520
147	14.3	3.34e+04	13520
148	11.7	6.99e+03	13520
149	9	5.30e+02	13520
150	6.4	3.34e+02	13520
151	3.8	2.11e+02	13520
152	2.4	1.01e+02	13520
153	17.7	2.73e+05	11710
154	15.3	1.31e+05	11710
155	12.9	2.27e+04	11710
156	10.5	4.32e+03	11710
157	8.1	2.99e+02	11710
158	5.7	1.72e+02	11710
159	3.4	1.19e+02	11710
160	2.1	5.20e+01	11710
161	15.8	1.86e+05	9900
162	13.7	1.07e+05	9900
163	11.5	1.54e+04	9900
164	9.4	2.68e+03	9900
165	7.2	1.54e+02	9900
166	5.1	8.88e+01	9900
167	2.9	6.74e+01	9900
168	1.9	2.68e+01	9900
169	15.2	1.98e+05	9707
170	13.1	1.14e+05	9707
171	11	1.50e+04	9707
172	8.9	2.35e+03	9650
173	6.9	1.24e+02	9650
174	4.8	7.11e+01	9650
175	2.7	4.92e+01	9650
176	1.8	1.96e+01	9650
177	14.5	2.10e+05	9513
178	12.5	1.21e+05	9513
179	10.5	1.33e+04	9513
180	8.5	2.07e+03	9400
181	6.5	9.90e+01	9400
182	4.5	5.70e+01	9400
183	2.5	3.94e+01	9400
184	1.8	1.57e+01	9400
185	13.9	2.24e+05	9320
186	12	1.29e+05	9320
187	10	1.29e+04	9320
188	8.1	1.66e+03	9150
189	6.2	8.71e+01	9150
190	4.3	4.17e+01	9150
191	2.4	2.89e+01	9150
192	1.8	1.15e+01	9150
193	13.2	2.39e+05	9127
194	11.4	1.38e+05	9127
195	9.5	1.14e+04	9127
196	7.7	1.46e+03	8900
197	5.8	7.00e+01	8900
198	4	3.35e+01	8900
199	2.1	2.32e+01	8900
200	1.7	9.23e+00	8900
201	12.6	2.55e+05	8933
202	10.8	1.61e+05	8933
203	9	1.11e+04	8933
204	7.2	1.29e+03	8650
205	5.4	5.64e+01	8650
206	3.7	2.70e+01	8650
207	1.9	1.70e+01	8650
208	1.6	6.78e+00	8650
209	12.6	2.49e+05	8740
210	10.8	1.89e+05	8740
211	9	1.09e+04	8740
212	7.2	1.14e+03	8400
213	5.4	4.55e+01	8400
214	3.6	2.18e+01	8400
215	1.8	1.51e+01	8400
216	1.6	5.47e+00	8400
217	12.6	2.67e+05	8547
218	10.8	2.22e+05	8547
219	9	1.06e+04	8547
220	7.2	1.11e+03	8150
221	5.4	3.68e+01	8150
222	3.6	1.93e+01	8150
223	1.8	1.22e+01	8150
224	1.5	4.43e+00	8150
225	12.6	2.60e+05	8353
226	10.8	2.38e+05	8353
227	9	1.04e+04	8353
228	7.2	9.90e+02	7900
229	5.4	3.28e+01	7900
230	3.6	1.57e+01	7900
231	1.8	1.09e+01	7900
232	1.5	3.59e+00	7900
233	12.6	2.80e+05	8160
234	10.8	2.33e+05	8160
235	9	1.02e+04	8160
236	7.1	9.70e+02	7650
237	5.3	2.67e+01	7650
238	3.5	1.40e+01	7650
239	1.7	8.85e+00	7650
240	1.4	2.93e+00	7650
241	12.6	2.74e+05	7967
242	10.8	2.28e+05	7967
243	8.9	9.96e+03	7967
244	7.1	8.70e+02	7400
245	5.3	2.19e+01	7400
246	3.4	1.15e+01	7400
247	1.6	7.94e+00	7400
248	1.4	2.40e+00	7400
249	12.1	2.96e+05	7773
250	10.3	2.24e+05	7773
251	8.6	9.79e+03	7773
252	6.8	8.65e+02	7260
253	5.1	2.17e+01	7260
254	3.3	1.25e+01	7260
255	1.6	6.56e+00	7260
256	1.3	1.98e+00	7260
257	11.6	2.91e+05	7580
258	9.9	2.02e+05	7580
259	8.2	8.80e+03	7580
260	6.5	8.60e+02	7120
261	4.9	1.97e+01	7120
262	3.2	1.49e+01	7120
263	1.5	5.95e+00	7120
264	1.3	1.64e+00	7120
265	11	3.16e+05	7387
266	9.4	1.99e+05	7387
267	7.9	8.70e+03	7387
268	6.3	7.82e+02	6980
269	4.7	1.96e+01	6980
270	3.1	1.63e+01	6980
271	1.5	4.94e+00	6980
272	1.2	1.49e+00	6980
273	10.5	3.43e+05	7193
274	9	1.80e+05	7193
275	7.5	7.86e+03	7193
276	6	7.81e+02	6840
277	4.5	1.96e+01	6840
278	3	1.96e+01	6840
279	1.4	4.50e+00	6840
280	1.1	1.24e+00	6840
281	10	3.74e+05	7000
282	8.6	1.63e+05	7000
283	7.1	7.82e+03	7000
284	5.7	7.83e+02	6700
285	4.3	2.16e+01	6700
286	2.8	2.16e+01	6700
287	1.4	3.75e+00	6700
288	1.1	1.03e+00	6700
289	10	3.74e+05	6760
290	8.6	1.49e+05	6760
291	7.1	7.82e+03	6760
292	5.7	7.86e+02	6560
293	4.2	2.37e+01	6560
294	2.8	1.64e+01	6560
295	1.3	3.13e+00	6560
296	1	8.62e-01	6560
297	10	4.13e+05	6520
298	8.5	1.37e+05	6520
299	7.1	7.18e+03	6520
300	5.6	7.91e+02	6420
301	4.2	2.62e+01	6420
302	2.7	1.25e+01	6420
303	1.3	2.62e+00	6420
304	1	7.91e-01	6420
305	10	4.19e+05	6280
306	8.5	1.27e+05	6280
307	7.1	7.29e+03	6280
308	5.6	7.29e+02	6280
309	4.1	2.90e+01	6280
310	2.7	1.05e+01	6280
311	1.2	2.41e+00	6280
312	1	6.65e-01	6280
313	10	4.73e+05	6011
314	8.5	1.30e+05	6011
315	7	6.84e+03	6011
316	5.6	7.39e+02	6140
317	4.1	3.22e+01	6140
318	2.6	8.10e+00	6140
319	1.1	2.03e+00	6140
320	0.9	6.14e-01	6140
321	10	4.95e+05	5743
322	6.3	1.24e+05	5743
323	2.5	7.15e+03	5743
324	2.1	7.84e+02	5743
325	1.8	3.75e+01	5743
326	1.4	6.25e+00	6000
327	1.1	1.72e+00	6000
328	0.9	5.20e-01	6000
329	10.5	5.27e+05	5474
330	6.6	1.32e+05	5474
331	2.6	7.62e+03	5474
332	2.2	8.35e+02	5474
333	1.8	4.38e+01	5474
334	1.4	6.35e+00	5890
335	1	1.46e+00	5890
336	0.9	4.40e-01	5890
337	11	5.73e+05	5206
338	6.9	1.31e+05	5206
339	2.8	8.29e+03	5206
340	2.3	9.09e+02	5206
341	1.9	5.23e+01	5206
342	1.4	6.48e+00	5780
343	1	1.23e+00	5780
344	0.9	3.73e-01	5780
345	11.5	7.03e+05	4937
346	7.2	1.47e+05	4937
347	2.9	8.46e+03	4937
348	2.4	1.11e+03	4937
349	1.9	7.03e+01	4937
350	1.5	6.04e+00	5670
351	1	1.15e+00	5670
352	0.8	3.48e-01	5670
353	12	8.13e+05	4669
354	7.5	1.70e+05	4669
355	3	9.77e+03	4669
356	2.5	1.29e+03	4669
357	2	8.91e+01	4669
358	1.5	6.20e+00	5560
359	0.9	9.82e-01	5560
360	0.8	2.97e-01	5560
361	12.5	1.07e+06	4400
362	7.8	1.86e+05	4400
363	3.2	1.18e+04	4400
364	2.6	1.55e+03	4400
365	2	1.18e+02	4400
366	1.5	6.38e+00	5450
367	0.9	8.41e-01	5450
368	0.8	2.54e-01	5450
369	12.5	1.12e+06	4343
370	7.9	1.95e+05	4343
371	3.3	1.23e+04	4343
372	2.7	1.62e+03	4343
373	2.1	1.23e+02	4343
374	1.5	6.59e+00	5340
375	0.9	7.92e-01	5340
376	0.8	2.18e-01	5340
377	12.5	1.18e+06	4286
378	8	2.05e+05	4286
379	3.5	1.29e+04	4286
380	2.8	1.70e+03	4286
381	2.2	1.29e+02	4286
382	1.5	6.84e+00	5230
383	0.9	6.84e-01	5230
384	0.7	2.06e-01	5230
385	12.5	1.13e+06	4229
386	8.1	1.96e+05	4229
387	3.6	1.49e+04	4229
388	2.9	1.96e+03	4229
389	2.2	1.24e+02	4229
390	1.5	6.50e+00	5120
391	0.8	6.50e-01	5120
392	0.7	1.79e-01	5120
393	12.5	1.19e+06	4171
394	8.1	2.07e+05	4171
395	3.8	1.57e+04	4171
396	3	2.07e+03	4171
397	2.3	1.31e+02	4171
398	1.6	6.80e+00	5010
399	0.8	5.66e-01	5010
400	0.7	1.71e-01	5010
401	12.5	1.26e+06	4114
402	8.2	2.19e+05	4114
403	3.9	1.66e+04	4114
404	3.1	2.19e+03	4114
405	2.3	1.38e+02	4114
406	1.6	7.16e+00	4900
407	0.8	5.43e-01	4900
408	0.7	1.50e-01	4900
409	12.5	1.22e+06	4057
410	8.3	2.12e+05	4057
411	4.1	1.76e+04	4057
412	3.3	2.32e+03	4057
413	2.4	1.61e+02	4057
414	1.6	7.71e+00	4760
415	0.8	4.43e-01	4760
416	0.6	1.34e-01	4760
417	13.3	1.30e+06	4000
418	8.8	2.25e+05	4000
419	4.3	2.06e+04	4000
420	3.4	2.47e+03	4000
421	2.5	2.06e+02	4000
422	1.6	8.38e+00	4620
423	0.7	4.01e-01	4620
424	0.6	1.21e-01	4620
425	14.2	1.46e+06	3900
426	9.4	2.53e+05	3900
427	4.6	2.53e+04	3900
428	3.6	2.77e+03	3900
429	2.6	2.53e+02	3900
430	1.7	9.22e+00	4480
431	0.7	3.35e-01	4480
432	0.6	1.01e-01	4480
433	15	1.65e+06	3800
434	9.9	2.62e+05	3800
435	4.8	3.15e+04	3800
436	3.8	3.15e+03	3800
437	2.7	3.45e+02	3800
438	1.7	1.03e+01	4340
439	0.7	3.10e-01	4340
440	0.5	9.36e-02	4340
441	15.8	1.90e+06	3700
442	10.4	3.01e+05	3700
443	5	3.96e+04	3700
444	3.9	3.62e+03	3700
445	2.8	4.35e+02	3700
446	1.8	1.06e+01	4200
447	0.7	2.66e-01	4200
448	0.5	8.80e-02	4200
449	15.8	1.85e+06	3717
450	10.6	2.94e+05	3717
451	5.3	4.24e+04	3717
452	4.2	3.53e+03	3717
453	3	4.65e+02	3717
454	1.8	1.22e+01	4060
455	0.6	2.11e-01	4060
456	0.5	7.67e-02	4060
457	15.8	1.81e+06	3733
458	10.7	2.62e+05	3733
459	5.7	4.55e+04	3733
460	4.4	3.45e+03	3733
461	3.1	4.99e+02	3733
462	1.9	1.42e+01	3920
463	0.6	1.87e-01	3920
464	0.4	6.80e-02	3920
465	15.8	1.77e+06	3750
466	10.9	2.56e+05	3750
467	6	4.44e+04	3750
468	4.6	3.69e+03	3750
469	3.3	5.34e+02	3750
470	1.9	1.70e+01	3780
471	0.6	1.55e-01	3780
472	0.3	5.62e-02	3780
473	15.8	1.83e+06	3725
474	11.1	2.65e+05	3725
475	6.3	5.04e+04	3725
476	4.9	3.83e+03	3725
477	3.4	6.06e+02	3725
478	2	2.07e+01	3640
479	0.5	1.44e-01	3640
480	0.3	4.33e-02	3640
481	15.8	1.90e+06	3700
482	13.3	2.74e+05	3700
483	10.7	5.73e+04	3700
484	8.2	3.96e+03	3700
485	5.6	6.89e+02	3700
486	3.1	2.60e+01	3500
487	0.5	1.25e-01	3500
488	0.2	3.76e-02	3500
489	15.1	2.56e+06	3510
490	12.7	3.37e+05	3510
491	10.2	7.73e+04	3510
492	7.8	5.86e+03	3510
493	5.3	9.29e+02	3510
494	2.9	3.55e+01	3333
495	0.5	6.18e-02	3333
496	0.2	1.86e-02	3333
497	14.5	3.65e+06	3320
498	12.1	4.81e+05	3320
499	9.8	1.10e+05	3320
500	7.4	8.36e+03	3320
501	5.1	1.21e+03	3320
502	2.7	5.09e+01	3167
503	0.4	3.21e-02	3167
504	0.2	8.85e-03	3167
505	13.8	5.07e+06	3130
506	11.6	7.33e+05	3130
507	9.3	1.68e+05	3130
508	7.1	1.40e+04	3130
509	4.8	1.84e+03	3130
510	2.6	7.76e+01	3000
511	0.3	1.78e-02	3000
512	0.2	4.90e-03	3000
513	13.2	8.38e+06	2940
514	11	1.10e+06	2940
515	8.9	2.77e+05	2940
516	6.7	2.31e+04	2940
517	4.6	2.77e+03	2940
518	2.4	1.27e+02	2833
519	0.3	1.06e-02	2833
520	0.1	2.66e-03	2833
521	12.5	1.53e+07	2750
522	10.5	2.02e+06	2750
523	8.4	5.07e+05	2750
524	6.4	4.62e+04	2750
525	4.3	5.07e+03	2750
526	2.3	2.07e+02	2667
527	0.2	6.24e-03	2667
528	0.1	1.72e-03	2667
529	12.4	2.88e+07	2560
530	10.3	4.17e+06	2560
531	8.3	9.55e+05	2560
532	6.3	9.55e+04	2560
533	4.2	9.55e+03	2560
534	2.2	4.10e+02	2500
535	0.2	4.50e-03	2500
536	0.1	1.63e-03	2500
537	12.3	6.96e+07	2370
538	10.2	9.18e+06	2370
539	8.2	2.10e+06	2370
540	6.2	2.53e+05	2370
541	4.2	2.10e+04	2370
542	2.1	9.26e+02	2333
543	0.1	3.69e-03	2333
544	0.1	1.94e-03	2333
545	12.1	2.05e+08	2180
546	10.1	2.70e+07	2180
547	8.1	5.15e+06	2180
548	6.1	7.44e+05	2180
549	4.1	5.15e+04	2180
550	2.1	2.44e+03	2167
551	0.1	3.53e-03	2167
552	0.1	2.44e-03	2167
553	12	7.11e+08	1990
554	10	1.03e+08	1990
555	8	1.79e+07	1990
556	6	2.83e+06	1990
557	4.1	1.79e+05	1990
558	2.1	7.91e+03	2000
559	0.1	4.15e-03	2000
560	0.1	4.15e-03	2000
561	15.8	1.90e+06	3700
562	13.3	2.74e+05	3700
563	10.7	5.73e+04	3700
564	8.2	3.96e+03	3700
565	5.6	6.89e+02	3700
566	3.1	2.60e+01	3500
567	0.5	1.25e-01	3500
568	0.2	3.76e-02	3500
569	15.1	2.56e+06	3510
570	12.7	3.37e+05	3510
571	10.2	7.73e+04	3510
572	7.8	5.86e+03	3510
573	5.3	9.29e+02	3510
574	2.9	3.55e+01	3333
575	0.5	6.18e-02	3333
576	0.2	1.86e-02	3333
577	14.5	3.65e+06	3320
578	12.1	4.81e+05	3320
579	9.8	1.10e+05	3320
580	7.4	8.36e+03	3320
581	5.1	1.21e+03	3320
582	2.7	5.09e+01	3167
583	0.4	3.21e-02	3167
584	0.2	8.85e-03	3167
585	13.8	5.07e+06	3130
586	11.6	7.33e+05	3130
587	9.3	1.68e+05	3130
588	7.1	1.40e+04	3130
589	4.8	1.84e+03	3130
590	2.6	7.76e+01	3000
591	0.3	1.78e-02	3000
592	0.2	4.90e-03	3000
593	13.2	8.38e+06	2940
594	11	1.10e+06	2940
595	8.9	2.77e+05	2940
596	6.7	2.31e+04	2940
597	4.6	2.77e+03	2940
598	2.4	1.27e+02	2833
599	0.3	1.06e-02	2833
600	0.1	2.66e-03	2833
601	12.5	1.53e+07	2750
602	10.5	2.02e+06	2750
603	8.4	5.07e+05	2750
604	6.4	4.62e+04	2750
605	4.3	5.07e+03	2750
606	2.3	2.07e+02	2667
607	0.2	6.24e-03	2667
608	0.1	1.72e-03	2667
609	12.4	2.88e+07	2560
610	10.3	4.17e+06	2560
611	8.3	9.55e+05	2560
612	6.3	9.55e+04	2560
613	4.2	9.55e+03	2560
614	2.2	4.10e+02	2500
615	0.2	4.50e-03	2500
616	0.1	1.63e-03	2500
617	12.3	6.96e+07	2370
618	10.2	9.18e+06	2370
619	8.2	2.10e+06	2370
620	6.2	2.53e+05	2370
621	4.2	2.10e+04	2370
622	2.1	9.26e+02	2333
623	0.1	3.69e-03	2333
624	0.1	1.94e-03	2333
625	12.1	2.05e+08	2180
626	10.1	2.70e+07	2180
627	8.1	5.15e+06	2180
628	6.1	7.44e+05	2180
629	4.1	5.15e+04	2180
630	2.1	2.44e+03	2167
631	0.1	3.53e-03	2167
632	0.1	2.44e-03	2167
633	12	7.11e+08	1990
634	10	1.03e+08	1990
635	8	1.79e+07	1990
636	6	2.83e+06	1990
637	4.1	1.79e+05	1990
638	2.1	7.91e+03	2000
639	0.1	4.15e-03	2000
640	0.1	4.15e-03	2000
641	160	3.41e+07	50000
642	150	2.59e+06	50000
643	140	2.15e+06	50000
644	130	2.15e+06	50000
645	120	2.15e+06	50000
646	110	1.36e+06	50000
647	100	1.24e+06	50000
648	60	9.40e+05	50000
649	159.7	2.71e+07	47600
650	149.3	2.25e+06	47600
651	139	1.87e+06	47600
652	128.6	1.73e+06	47800
653	118.2	1.58e+06	47800
654	107.9	1.09e+06	47800
655	97.5	9.94e+05	47800
656	37	7.54e+05	47800
657	159.4	2.14e+07	45200
658	148.6	2.14e+06	45200
659	137.9	1.62e+06	45200
660	127.2	1.52e+06	45600
661	116.5	1.26e+06	45600
662	105.7	8.72e+05	45600
663	95	7.95e+05	45600
664	30	6.03e+05	45600
665	159	1.68e+07	42800
666	148	1.85e+06	42800
667	136.9	1.40e+06	42800
668	125.8	1.21e+06	43400
669	114.7	9.17e+05	43400
670	103.6	6.96e+05	43400
671	92.5	6.34e+05	43400
672	23	4.81e+05	43400
673	158.7	1.32e+07	40400
674	147.3	1.74e+06	40400
675	135.8	1.20e+06	40400
676	124.4	9.60e+05	41200
677	112.9	7.28e+05	41200
678	101.5	5.52e+05	41200
679	90	5.04e+05	41200
680	20	3.82e+05	41200
681	158.4	1.03e+07	38000
682	142	1.48e+06	38000
683	125.6	1.03e+06	38000
684	109.2	7.59e+05	39000
685	92.8	5.25e+05	39000
686	76.4	4.37e+05	39000
687	60	3.98e+05	39000
688	17.5	3.02e+05	39000
689	136.7	7.81e+06	35400
690	120.1	1.36e+06	35400
691	103.5	7.81e+05	35400
692	86.9	6.54e+05	36800
693	70.2	3.76e+05	36800
694	53.6	3.13e+05	36800
695	37	2.60e+05	36800
696	14.2	1.80e+05	36800
697	115.1	5.88e+06	32800
698	100.9	1.12e+06	32800
699	86.7	5.88e+05	32800
700	72.5	5.10e+05	34600
701	58.4	2.94e+05	34600
702	44.2	2.23e+05	34600
703	30	1.54e+05	34600
704	10.9	1.07e+05	34600
705	93.4	4.37e+06	30200
706	81.7	9.13e+05	30200
707	69.9	4.37e+05	30200
708	58.2	3.60e+05	32400
709	46.5	2.07e+05	32400
710	34.7	1.57e+05	32400
711	23	9.91e+04	32400
712	7.6	5.70e+04	32400
713	60	9.40e+05	50000
714	71.8	3.19e+06	27600
715	63.1	7.31e+05	27600
716	54.5	3.19e+05	27600
717	45.9	2.76e+05	30200
718	37.3	1.59e+05	30200
719	28.6	1.10e+05	30200
720	20	5.76e+04	30200
721	6.7	3.31e+04	30200
722	160	3.41e+07	50000
723	150	2.59e+06	50000
724	140	2.15e+06	50000
725	130	2.15e+06	50000
726	120	2.15e+06	50000
727	110	1.36e+06	50000
728	100	1.24e+06	50000
729	159.7	2.71e+07	47600
730	149.3	2.25e+06	47600
731	139	1.87e+06	47600
732	128.6	1.73e+06	47800
733	118.2	1.58e+06	47800
734	107.9	1.09e+06	47800
735	97.5	9.94e+05	47800
736	37	7.54e+05	47800
737	159.4	2.14e+07	45200
738	148.6	2.14e+06	45200
739	137.9	1.62e+06	45200
740	127.2	1.52e+06	45600
741	116.5	1.26e+06	45600
742	105.7	8.72e+05	45600
743	95	7.95e+05	45600
744	30	6.03e+05	45600
745	159	1.68e+07	42800
746	148	1.85e+06	42800
747	136.9	1.40e+06	42800
748	125.8	1.21e+06	43400
749	114.7	9.17e+05	43400
750	103.6	6.96e+05	43400
751	92.5	6.34e+05	43400
752	23	4.81e+05	43400
753	158.7	1.32e+07	40400
754	147.3	1.74e+06	40400
755	135.8	1.20e+06	40400
756	124.4	9.60e+05	41200
757	112.9	7.28e+05	41200
758	101.5	5.52e+05	41200
759	90	5.04e+05	41200
760	20	3.82e+05	41200
761	158.4	1.03e+07	38000
762	142	1.48e+06	38000
763	125.6	1.03e+06	38000
764	109.2	7.59e+05	39000
765	92.8	5.25e+05	39000
766	76.4	4.37e+05	39000
767	60	3.98e+05	39000
768	17.5	3.02e+05	39000
769	136.7	7.81e+06	35400
770	120.1	1.36e+06	35400
771	103.5	7.81e+05	35400
772	86.9	6.54e+05	36800
773	70.2	3.76e+05	36800
774	53.6	3.13e+05	36800
775	37	2.60e+05	36800
776	14.2	1.80e+05	36800
777	115.1	5.88e+06	32800
778	100.9	1.12e+06	32800
779	86.7	5.88e+05	32800
780	72.5	5.10e+05	34600
781	58.4	2.94e+05	34600
782	44.2	2.23e+05	34600
783	30	1.54e+05	34600
784	10.9	1.07e+05	34600
785	93.4	4.37e+06	30200
786	81.7	9.13e+05	30200
787	69.9	4.37e+05	30200
788	58.2	3.60e+05	32400
789	46.5	2.07e+05	32400
790	34.7	1.57e+05	32400
791	23	9.91e+04	32400
792	7.6	5.70e+04	32400
793	71.8	3.19e+06	27600
794	63.1	7.31e+05	27600
795	54.5	3.19e+05	27600
796	45.9	2.76e+05	30200
797	37.3	1.59e+05	30200
798	28.6	1.10e+05	30200
799	20	5.76e+04	30200
800	6.7	3.31e+04	30200
801	12	8.13e+05	4669
802	10.2	1.70e+05	4669
803	8.3	9.77e+03	4669
804	6.5	1.29e+03	4669
805	4.6	8.91e+01	4669
806	2.8	6.20e+00	5560
807	0.9	9.82e-01	5560
808	0.8	2.97e-01	5560
809	12.4	8.71e+05	4561
810	10.5	1.66e+05	4561
811	8.6	1.05e+04	4561
812	6.7	1.38e+03	4561
813	4.7	1.05e+02	4561
814	2.8	6.61e+00	5331
815	0.9	7.94e-01	5331
816	0.7	2.19e-01	5331
817	12.8	9.40e+05	4453
818	10.8	1.79e+05	4453
819	8.8	1.24e+04	4453
820	6.8	1.49e+03	4453
821	4.8	1.36e+02	4453
822	2.8	7.17e+00	5102
823	0.8	6.54e-01	5102
824	0.7	1.80e-01	5102
825	13.3	9.32e+05	4346
826	11.2	1.78e+05	4346
827	9.1	1.35e+04	4346
828	7	1.78e+03	4346
829	5	1.62e+02	4346
830	2.9	7.26e+00	4873
831	0.8	5.50e-01	4873
832	0.6	1.52e-01	4873
833	13.7	1.02e+06	4238
834	11.5	1.95e+05	4238
835	9.4	1.62e+04	4238
836	7.2	1.95e+03	4238
837	5.1	1.95e+02	4238
838	2.9	8.25e+00	4644
839	0.8	5.21e-01	4644
840	0.6	1.19e-01	4644
841	14.1	1.13e+06	4130
842	11.9	1.97e+05	4130
843	9.6	2.16e+04	4130
844	7.4	2.16e+03	4130
845	5.2	2.59e+02	4130
846	2.9	9.67e+00	4416
847	0.7	4.63e-01	4416
848	0.5	8.81e-02	4416
849	14.5	1.26e+06	4023
850	12.2	2.20e+05	4023
851	9.9	3.18e+04	4023
852	7.6	2.41e+03	4023
853	5.3	3.18e+02	4023
854	3	1.17e+01	4187
855	0.7	4.26e-01	4187
856	0.4	6.76e-02	4187
857	15	1.43e+06	3915
858	12.6	2.27e+05	3915
859	10.2	3.94e+04	3915
860	7.8	2.99e+03	3915
861	5.4	3.94e+02	3915
862	3	1.36e+01	3958
863	0.6	2.59e-01	3958
864	0.4	4.50e-02	3958
865	15.4	1.64e+06	3808
866	12.9	2.59e+05	3808
867	10.4	4.50e+04	3808
868	8	3.42e+03	3808
869	5.5	5.41e+02	3808
870	3	1.82e+01	3729
871	0.6	1.82e-01	3729
872	0.3	3.80e-02	3729
873	15.8	1.90e+06	3700
874	13.3	2.74e+05	3700
875	10.7	5.73e+04	3700
876	8.2	3.96e+03	3700
877	5.6	6.89e+02	3700
878	3.1	2.60e+01	3500
879	0.5	1.25e-01	3500
880	0.2	3.76e-02	3500
881	12	8.13e+05	4669
882	10.2	1.70e+05	4669
883	8.3	9.77e+03	4669
884	6.5	1.29e+03	4669
885	4.6	8.91e+01	4669
886	2.8	6.20e+00	5560
887	0.9	9.82e-01	5560
888	0.8	2.97e-01	5560
889	12.7	1.10e+06	4371
890	10.8	1.91e+05	4371
891	8.8	1.20e+04	4371
892	6.8	1.59e+03	4371
893	4.8	1.32e+02	4371
894	2.8	7.00e+00	5164
895	0.8	6.39e-01	5164
896	0.7	1.76e-01	5164
897	13.5	1.31e+06	4073
898	11.4	2.28e+05	4073
899	9.2	1.73e+04	4073
900	7.1	2.28e+03	4073
901	5	2.08e+02	4073
902	2.9	7.67e+00	4769
903	0.8	2.78e-01	4769
904	0.7	1.33e-01	4769
905	14.2	1.71e+06	3776
906	12	2.97e+05	3776
907	9.7	2.47e+04	3776
908	7.4	3.57e+03	3776
909	5.2	3.57e+02	3776
910	2.9	1.00e+01	4373
911	0.7	1.20e-01	4373
912	0.6	9.12e-02	4373
913	15	2.71e+06	3478
914	12.6	4.29e+05	3478
915	10.2	4.29e+04	3478
916	7.8	6.20e+03	3478
917	5.4	6.80e+02	3478
918	3	1.46e+01	3978
919	0.6	6.36e-02	3978
920	0.5	6.36e-02	3978
921	15.7	4.94e+06	3180
922	13.2	7.83e+05	3180
923	10.6	9.41e+04	3180
924	8.1	1.13e+04	3180
925	5.5	1.49e+03	3180
926	3	2.27e+01	3582
927	0.5	5.20e-03	3582
928	0.4	3.28e-02	3582
929	14.8	1.09e+07	2883
930	12.4	1.57e+06	2883
931	10	2.73e+05	2883
932	7.6	2.73e+04	2883
933	5.2	3.95e+03	2883
934	2.8	4.86e+01	3187
935	0.4	1.34e-03	3187
936	0.3	3.07e-03	3187
937	13.9	2.85e+07	2585
938	11.6	4.12e+06	2585
939	9.3	8.61e+05	2585
940	7.1	8.61e+04	2585
941	4.8	9.44e+03	2585
942	2.5	1.46e+02	2791
943	0.3	5.30e-04	2791
944	0.3	5.30e-04	2791
945	12.9	1.08e+08	2288
946	10.8	1.56e+07	2288
947	8.7	3.26e+06	2288
948	6.6	3.58e+05	2288
949	4.4	2.97e+04	2288
950	2.3	6.70e+02	2396
951	0.2	9.68e-04	2396
952	0.2	6.70e-04	2396
953	12	7.11e+08	1990
954	10	1.03e+08	1990
955	8	2.15e+07	1990
956	6	2.83e+06	1990
957	4.1	1.79e+05	1990
958	2.1	7.91e+03	2000
959	0.1	4.15e-03	2000
960	0.1	4.15e-03	2000
961	15.8	1.90e+06	3700
962	13.3	2.74e+05	3700
963	10.7	5.73e+04	3700
964	8.2	3.96e+03	3700
965	5.6	6.89e+02	3700
966	3.1	2.60e+01	3500
967	0.5	1.25e-01	3500
968	0.2	3.76e-02	3500
969	15.1	2.56e+06	3510
970	12.7	3.37e+05	3510
971	10.2	7.73e+04	3510
972	7.8	5.86e+03	3510
973	5.3	9.29e+02	3510
974	2.9	3.55e+01	3333
975	0.5	6.18e-02	3333
976	0.2	1.86e-02	3333
977	14.5	3.65e+06	3320
978	12.1	4.81e+05	3320
979	9.8	1.10e+05	3320
980	7.4	8.36e+03	3320
981	5.1	1.21e+03	3320
982	2.7	5.09e+01	3167
983	0.4	3.21e-02	3167
984	0.2	8.85e-03	3167
985	13.8	5.07e+06	3130
986	11.6	7.33e+05	3130
987	9.3	1.68e+05	3130
988	7.1	1.40e+04	3130
989	4.8	1.84e+03	3130
990	2.6	7.76e+01	3000
991	0.3	1.78e-02	3000
992	0.2	4.90e-03	3000
993	13.2	8.38e+06	2940
994	11	1.10e+06	2940
995	8.9	2.77e+05	2940
996	6.7	2.31e+04	2940
997	4.6	2.77e+03	2940
998	2.4	1.27e+02	2833
999	0.3	1.06e-02	2833
1000	0.1	2.66e-03	2833
1001	12.5	1.53e+07	2750
1002	10.5	2.02e+06	2750
1003	8.4	5.07e+05	2750
1004	6.4	4.62e+04	2750
1005	4.3	5.07e+03	2750
1006	2.3	2.07e+02	2667
1007	0.2	6.24e-03	2667
1008	0.1	1.72e-03	2667
1009	12.4	2.88e+07	2560
1010	10.3	4.17e+06	2560
1011	8.3	9.55e+05	2560
1012	6.3	9.55e+04	2560
1013	4.2	9.55e+03	2560
1014	2.2	4.10e+02	2500
1015	0.2	4.50e-03	2500
1016	0.1	1.63e-03	2500
1017	12.3	6.96e+07	2370
1018	10.2	9.18e+06	2370
1019	8.2	2.10e+06	2370
1020	6.2	2.53e+05	2370
1021	4.2	2.10e+04	2370
1022	2.1	9.26e+02	2333
1023	0.1	3.69e-03	2333
1024	0.1	1.94e-03	2333
1025	12.1	2.05e+08	2180
1026	10.1	2.70e+07	2180
1027	8.1	5.15e+06	2180
1028	6.1	7.44e+05	2180
1029	4.1	5.15e+04	2180
1030	2.1	2.44e+03	2167
1031	0.1	3.53e-03	2167
1032	0.1	2.44e-03	2167
1033	12	7.11e+08	1990
1034	10	1.03e+08	1990
1035	8	1.79e+07	1990
1036	6	2.83e+06	1990
1037	4.1	1.79e+05	1990
1038	2.1	7.91e+03	2000
1039	0.1	4.15e-03	2000
1040	0.1	4.15e-03	2000
1041	1.1	6.91e+00	100000
1042	0.9	2.65e-01	50400
1043	0.8	2.55e-02	25200
1044	0.7	6.02e-03	16800
1045	0.6	1.82e-03	12600
1046	0.5	6.93e-04	10080
1047	0.4	3.15e-04	8400
1048	0.3	1.80e-04	7200
1049	0.2	1.05e-04	6300
1050	0.1	6.73e-05	5600
1051	1.1	6.91e+00	100000
1052	0.9	2.65e-01	50400
1053	0.8	2.55e-02	25200
1054	0.7	6.02e-03	16800
1055	0.6	1.82e-03	12600
1056	0.5	6.93e-04	10080
1057	0.4	3.15e-04	8400
1058	0.3	1.80e-04	7200
1059	0.2	1.05e-04	6300
1060	0.1	6.73e-05	5600
1061	1.1	6.91e+00	100000
1062	0.9	2.65e-01	50400
1063	0.8	2.55e-02	25200
1064	0.7	6.02e-03	16800
1065	0.6	1.82e-03	12600
1066	0.5	6.93e-04	10080
1067	0.4	3.15e-04	8400
1068	0.3	1.80e-04	7200
1069	0.2	1.05e-04	6300
1070	0.1	6.73e-05	5600
1071	1.1	6.91e+00	100000
1072	0.9	2.65e-01	50400
1073	0.8	2.55e-02	25200
1074	0.7	6.02e-03	16800
1075	0.6	1.82e-03	12600
1076	0.5	6.93e-04	10080
1077	0.4	3.15e-04	8400
1078	0.3	1.80e-04	7200
1079	0.2	1.05e-04	6300
1080	0.1	6.73e-05	5600
1081	1.1	6.91e+00	100000
1082	0.9	2.65e-01	50400
1083	0.8	2.55e-02	25200
1084	0.7	6.02e-03	16800
1085	0.6	1.82e-03	12600
1086	0.5	6.93e-04	10080
1087	0.4	3.15e-04	8400
1088	0.3	1.80e-04	7200
1089	0.2	1.05e-04	6300
1090	0.1	6.73e-05	5600
1091	1.1	6.91e+00	100000
1092	0.9	2.65e-01	50400
1093	0.8	2.55e-02	25200
1094	0.7	6.02e-03	16800
1095	0.6	1.82e-03	12600
1096	0.5	6.93e-04	10080
1097	0.4	3.15e-04	8400
1098	0.3	1.80e-04	7200
1099	0.2	1.05e-04	6300
1100	0.1	6.73e-05	5600
