1	160	1.29e+34	50000
2	150	9.79e+32	50000
3	140	8.15e+32	50000
4	130	8.15e+32	50000
5	120	8.15e+32	50000
6	110	5.14e+32	50000
7	100	4.69e+32	50000
8	60	3.56e+32	50000
9	159.7	1.03e+34	47600
10	149.3	8.53e+32	47600
11	139	7.10e+32	47600
12	128.6	6.53e+32	47800
13	118.2	5.96e+32	47800
14	107.9	4.12e+32	47800
15	97.5	3.76e+32	47800
16	37	2.85e+32	47800
17	159.4	8.15e+33	45200
18	148.6	8.15e+32	45200
19	137.9	6.18e+32	45200
20	127.2	5.74e+32	45600
21	116.5	4.77e+32	45600
22	105.7	3.30e+32	45600
23	95	3.01e+32	45600
24	30	2.29e+32	45600
25	159	6.41e+33	42800
26	148	7.03e+32	42800
27	136.9	5.33e+32	42800
28	125.8	4.60e+32	43400
29	114.7	3.49e+32	43400
30	103.6	2.65e+32	43400
31	92.5	2.42e+32	43400
32	23	1.83e+32	43400
33	158.7	5.00e+33	40400
34	147.3	6.59e+32	40400
35	135.8	4.56e+32	40400
36	124.4	3.66e+32	41200
37	112.9	2.77e+32	41200
38	101.5	2.10e+32	41200
39	90	1.92e+32	41200
40	20	1.46e+32	41200
41	158.4	3.90e+33	38000
42	142	5.64e+32	38000
43	125.6	3.90e+32	38000
44	109.2	2.88e+32	39000
45	92.8	1.99e+32	39000
46	76.4	1.66e+32	39000
47	60	1.51e+32	39000
48	17.5	1.15e+32	39000
49	136.7	2.96e+33	35400
50	120.1	5.14e+32	35400
51	103.5	2.96e+32	35400
52	86.9	2.48e+32	36800
53	70.2	1.43e+32	36800
54	53.6	1.19e+32	36800
55	37	9.88e+31	36800
56	14.2	6.84e+31	36800
57	115.1	2.22e+33	32800
58	100.9	4.24e+32	32800
59	86.7	2.22e+32	32800
60	72.5	1.94e+32	34600
61	58.4	1.11e+32	34600
62	44.2	8.45e+31	34600
63	30	5.85e+31	34600
64	10.9	4.05e+31	34600
65	93.4	1.66e+33	30200
66	81.7	3.46e+32	30200
67	69.9	1.66e+32	30200
68	58.2	1.36e+32	32400
69	46.5	7.85e+31	32400
70	34.7	5.96e+31	32400
71	23	3.76e+31	32400
72	7.6	2.16e+31	32400
73	71.8	1.21e+33	27600
74	63.1	2.77e+32	27600
75	54.5	1.21e+32	27600
76	45.9	1.04e+32	30200
77	37.3	6.01e+31	30200
78	28.6	4.16e+31	30200
79	20	2.18e+31	30200
80	6.7	1.26e+31	30200
81	50.1	8.69e+32	25000
82	44.7	2.18e+32	25000
83	39.2	8.69e+31	25000
84	33.8	7.23e+31	28000
85	28.4	4.16e+31	28000
86	22.9	2.88e+31	28000
87	17.5	1.38e+31	28000
88	5.9	7.23e+30	28000
89	45.1	7.64e+32	23790
90	40	1.92e+32	23790
91	34.8	6.97e+31	23790
92	29.7	5.09e+31	26190
93	24.5	2.03e+31	26190
94	19.4	1.40e+31	26190
95	14.2	7.36e+30	26190
96	5.2	3.86e+30	26190
97	40.1	6.12e+32	22580
98	35.2	1.69e+32	22580
99	30.4	6.12e+31	22580
100	25.5	3.56e+31	24380
101	20.6	1.07e+31	24380
102	15.8	7.43e+30	24380
103	10.9	3.56e+30	24380
104	4.5	2.05e+30	24380
105	35.1	5.38e+32	21370
106	30.5	1.63e+32	21370
107	25.9	4.91e+31	21370
108	21.4	2.44e+31	22570
109	16.8	5.09e+30	22570
110	12.2	3.52e+30	22570
111	7.6	1.85e+30	22570
112	3.8	9.70e+29	22570
113	30.1	4.64e+32	20160
114	26.2	1.28e+32	20160
115	22.3	4.24e+31	20160
116	18.4	1.66e+31	20760
117	14.5	2.62e+30	20760
118	10.6	1.82e+30	20760
119	6.7	8.69e+29	20760
120	3.4	5.00e+29	20760
121	25.1	3.66e+32	18950
122	21.9	1.10e+32	18950
123	18.7	3.33e+31	18950
124	15.5	1.10e+31	18950
125	12.3	1.21e+30	18950
126	9.1	8.37e+29	18950
127	5.9	4.40e+29	18950
128	2.9	2.53e+29	18950
129	23.2	2.88e+32	17140
130	20.2	8.69e+31	17140
131	17.2	2.39e+31	17140
132	14.2	6.59e+30	17140
133	11.2	6.59e+29	17140
134	8.2	4.56e+29	17140
135	5.2	2.62e+29	17140
136	2.7	1.38e+29	17140
137	21.4	2.03e+32	15330
138	18.6	7.36e+31	15330
139	15.8	1.69e+31	15330
140	12.9	4.24e+30	15330
141	10.1	3.86e+29	15330
142	7.3	2.44e+29	15330
143	4.5	1.54e+29	15330
144	2.5	7.36e+28	15330
145	19.5	1.39e+32	13520
146	16.9	6.07e+31	13520
147	14.3	1.27e+31	13520
148	11.7	2.65e+30	13520
149	9	2.01e+29	13520
150	6.4	1.27e+29	13520
151	3.8	8.00e+28	13520
152	2.4	3.83e+28	13520
153	17.7	1.04e+32	11710
154	15.3	4.95e+31	11710
155	12.9	8.61e+30	11710
156	10.5	1.64e+30	11710
157	8.1	1.13e+29	11710
158	5.7	6.53e+28	11710
159	3.4	4.52e+28	11710
160	2.1	1.97e+28	11710
161	15.8	7.03e+31	9900
162	13.7	4.05e+31	9900
163	11.5	5.85e+30	9900
164	9.4	1.02e+30	9900
165	7.2	5.85e+28	9900
166	5.1	3.36e+28	9900
167	2.9	2.55e+28	9900
168	1.9	1.02e+28	9900
169	15.2	7.50e+31	9707
170	13.1	4.31e+31	9707
171	11	5.69e+30	9707
172	8.9	8.93e+29	9650
173	6.9	4.69e+28	9650
174	4.8	2.70e+28	9650
175	2.7	1.87e+28	9650
176	1.8	7.43e+27	9650
177	14.5	8.00e+31	9513
178	12.5	4.60e+31	9513
179	10.5	5.05e+30	9513
180	8.5	7.85e+29	9400
181	6.5	3.76e+28	9400
182	4.5	2.16e+28	9400
183	2.5	1.50e+28	9400
184	1.8	5.96e+27	9400
185	13.9	8.53e+31	9320
186	12	4.91e+31	9320
187	10	4.91e+30	9320
188	8.1	6.29e+29	9150
189	6.2	3.30e+28	9150
190	4.3	1.58e+28	9150
191	2.4	1.09e+28	9150
192	1.8	4.35e+27	9150
193	13.2	9.10e+31	9127
194	11.4	5.24e+31	9127
195	9.5	4.35e+30	9127
196	7.7	5.53e+29	8900
197	5.8	2.65e+28	8900
198	4	1.27e+28	8900
199	2.1	8.77e+27	8900
200	1.7	3.49e+27	8900
201	12.6	9.70e+31	8933
202	10.8	6.12e+31	8933
203	9	4.24e+30	8933
204	7.2	4.91e+29	8650
205	5.4	2.14e+28	8650
206	3.7	1.03e+28	8650
207	1.9	6.47e+27	8650
208	1.6	2.58e+27	8650
209	12.6	9.44e+31	8740
210	10.8	7.16e+31	8740
211	9	4.12e+30	8740
212	7.2	4.35e+29	8400
213	5.4	1.73e+28	8400
214	3.6	8.30e+27	8400
215	1.8	5.74e+27	8400
216	1.6	2.08e+27	8400
217	12.6	1.01e+32	8547
218	10.8	8.37e+31	8547
219	9	4.01e+30	8547
220	7.2	4.24e+29	8150
221	5.4	1.40e+28	8150
222	3.6	7.36e+27	8150
223	1.8	4.64e+27	8150
224	1.5	1.69e+27	8150
225	12.6	9.88e+31	8353
226	10.8	9.02e+31	8353
227	9	3.94e+30	8353
228	7.2	3.76e+29	7900
229	5.4	1.24e+28	7900
230	3.6	5.96e+27	7900
231	1.8	4.12e+27	7900
232	1.5	1.36e+27	7900
233	12.6	1.06e+32	8160
234	10.8	8.85e+31	8160
235	9	3.86e+30	8160
236	7.1	3.69e+29	7650
237	5.3	1.02e+28	7650
238	3.5	5.33e+27	7650
239	1.7	3.36e+27	7650
240	1.4	1.11e+27	7650
241	12.6	1.04e+32	7967
242	10.8	8.69e+31	7967
243	8.9	3.79e+30	7967
244	7.1	3.30e+29	7400
245	5.3	8.30e+27	7400
246	3.4	4.35e+27	7400
247	1.6	3.01e+27	7400
248	1.4	9.10e+26	7400
249	12.1	1.12e+32	7773
250	10.3	8.53e+31	7773
251	8.6	3.72e+30	7773
252	6.8	3.27e+29	7260
253	5.1	8.22e+27	7260
254	3.3	4.73e+27	7260
255	1.6	2.48e+27	7260
256	1.3	7.50e+26	7260
257	11.6	1.10e+32	7580
258	9.9	7.64e+31	7580
259	8.2	3.33e+30	7580
260	6.5	3.27e+29	7120
261	4.9	7.50e+27	7120
262	3.2	5.69e+27	7120
263	1.5	2.26e+27	7120
264	1.3	6.24e+26	7120
265	11	1.20e+32	7387
266	9.4	7.57e+31	7387
267	7.9	3.30e+30	7387
268	6.3	2.96e+29	6980
269	4.7	7.43e+27	6980
270	3.1	6.18e+27	6980
271	1.5	1.87e+27	6980
272	1.2	5.64e+26	6980
273	10.5	1.30e+32	7193
274	9	6.84e+31	7193
275	7.5	2.99e+30	7193
276	6	2.96e+29	6840
277	4.5	7.43e+27	6840
278	3	7.43e+27	6840
279	1.4	1.70e+27	6840
280	1.1	4.69e+26	6840
281	10	1.42e+32	7000
282	8.6	6.18e+31	7000
283	7.1	2.96e+30	7000
284	5.7	2.96e+29	6700
285	4.3	8.15e+27	6700
286	2.8	8.15e+27	6700
287	1.4	1.42e+27	6700
288	1.1	3.90e+26	6700
289	10	1.42e+32	6760
290	8.6	5.64e+31	6760
291	7.1	2.96e+30	6760
292	5.7	2.99e+29	6560
293	4.2	9.02e+27	6560
294	2.8	6.24e+27	6560
295	1.3	1.19e+27	6560
296	1	3.27e+26	6560
297	10	1.57e+32	6520
298	8.5	5.19e+31	6520
299	7.1	2.72e+30	6520
300	5.6	3.01e+29	6420
301	4.2	9.98e+27	6420
302	2.7	4.77e+27	6420
303	1.3	9.98e+26	6420
304	1	3.01e+26	6420
305	10	1.60e+32	6280
306	8.5	4.82e+31	6280
307	7.1	2.77e+30	6280
308	5.6	2.77e+29	6280
309	4.1	1.10e+28	6280
310	2.7	4.01e+27	6280
311	1.2	9.18e+26	6280
312	1	2.53e+26	6280
313	10	1.80e+32	6011
314	8.5	4.95e+31	6011
315	7	2.60e+30	6011
316	5.6	2.80e+29	6140
317	4.1	1.22e+28	6140
318	2.6	3.07e+27	6140
319	1.1	7.71e+26	6140
320	0.9	2.33e+26	6140
321	10	1.88e+32	5743
322	6.3	4.73e+31	5743
323	2.5	2.72e+30	5743
324	2.1	2.99e+29	5743
325	1.8	1.43e+28	5743
326	1.4	2.37e+27	6000
327	1.1	6.53e+26	6000
328	0.9	1.97e+26	6000
329	10.5	1.99e+32	5474
330	6.6	5.00e+31	5474
331	2.6	2.88e+30	5474
332	2.2	3.15e+29	5474
333	1.8	1.66e+28	5474
334	1.4	2.42e+27	5890
335	1	5.53e+26	5890
336	0.9	1.67e+26	5890
337	11	2.18e+32	5206
338	6.9	5.00e+31	5206
339	2.8	3.15e+30	5206
340	2.3	3.46e+29	5206
341	1.9	1.99e+28	5206
342	1.4	2.46e+27	5780
343	1	4.69e+26	5780
344	0.9	1.42e+26	5780
345	11.5	2.67e+32	4937
346	7.2	5.58e+31	4937
347	2.9	3.21e+30	4937
348	2.4	4.24e+29	4937
349	1.9	2.67e+28	4937
350	1.5	2.29e+27	5670
351	1	4.35e+26	5670
352	0.8	1.32e+26	5670
353	12	3.07e+32	4669
354	7.5	6.41e+31	4669
355	3	3.69e+30	4669
356	2.5	4.86e+29	4669
357	2	3.36e+28	4669
358	1.5	2.35e+27	5560
359	0.9	3.72e+26	5560
360	0.8	1.12e+26	5560
361	12.5	4.08e+32	4400
362	7.8	7.10e+31	4400
363	3.2	4.48e+30	4400
364	2.6	5.90e+29	4400
365	2	4.48e+28	4400
366	1.5	2.42e+27	5450
367	0.9	3.18e+26	5450
368	0.8	9.62e+25	5450
369	12.5	4.28e+32	4343
370	7.9	7.43e+31	4343
371	3.3	4.69e+30	4343
372	2.7	6.18e+29	4343
373	2.1	4.69e+28	4343
374	1.5	2.51e+27	5340
375	0.9	3.01e+26	5340
376	0.8	8.30e+25	5340
377	12.5	4.48e+32	4286
378	8	7.78e+31	4286
379	3.5	4.91e+30	4286
380	2.8	6.47e+29	4286
381	2.2	4.91e+28	4286
382	1.5	2.60e+27	5230
383	0.9	2.60e+26	5230
384	0.7	7.85e+25	5230
385	12.5	4.28e+32	4229
386	8.1	7.43e+31	4229
387	3.6	5.64e+30	4229
388	2.9	7.43e+29	4229
389	2.2	4.69e+28	4229
390	1.5	2.46e+27	5120
391	0.8	2.46e+26	5120
392	0.7	6.78e+25	5120
393	12.5	4.52e+32	4171
394	8.1	7.85e+31	4171
395	3.8	5.96e+30	4171
396	3	7.85e+29	4171
397	2.3	4.95e+28	4171
398	1.6	2.58e+27	5010
399	0.8	2.14e+26	5010
400	0.7	6.47e+25	5010
401	12.5	4.77e+32	4114
402	8.2	8.30e+31	4114
403	3.9	6.29e+30	4114
404	3.1	8.30e+29	4114
405	2.3	5.24e+28	4114
406	1.6	2.72e+27	4900
407	0.8	2.07e+26	4900
408	0.7	5.69e+25	4900
409	12.5	4.64e+32	4057
410	8.3	8.07e+31	4057
411	4.1	6.71e+30	4057
412	3.3	8.85e+29	4057
413	2.4	6.12e+28	4057
414	1.6	2.93e+27	4760
415	0.8	1.69e+26	4760
416	0.6	5.09e+25	4760
417	13.3	4.91e+32	4000
418	8.8	8.53e+31	4000
419	4.3	7.78e+30	4000
420	3.4	9.35e+29	4000
421	2.5	7.78e+28	4000
422	1.6	3.18e+27	4620
423	0.7	1.52e+26	4620
424	0.6	4.60e+25	4620
425	14.2	5.53e+32	3900
426	9.4	9.62e+31	3900
427	4.6	9.62e+30	3900
428	3.6	1.05e+30	3900
429	2.6	9.62e+28	3900
430	1.7	3.49e+27	4480
431	0.7	1.27e+26	4480
432	0.6	3.83e+25	4480
433	15	6.29e+32	3800
434	9.9	9.98e+31	3800
435	4.8	1.20e+31	3800
436	3.8	1.20e+30	3800
437	2.7	1.32e+29	3800
438	1.7	3.90e+27	4340
439	0.7	1.18e+26	4340
440	0.5	3.56e+25	4340
441	15.8	7.23e+32	3700
442	10.4	1.15e+32	3700
443	5	1.51e+31	3700
444	3.9	1.38e+30	3700
445	2.8	1.66e+29	3700
446	1.8	4.01e+27	4200
447	0.7	1.01e+26	4200
448	0.5	3.33e+25	4200
449	15.8	7.03e+32	3717
450	10.6	1.11e+32	3717
451	5.3	1.61e+31	3717
452	4.2	1.34e+30	3717
453	3	1.77e+29	3717
454	1.8	4.60e+27	4060
455	0.6	8.00e+25	4060
456	0.5	2.90e+25	4060
457	15.8	6.84e+32	3733
458	10.7	9.88e+31	3733
459	5.7	1.72e+31	3733
460	4.4	1.30e+30	3733
461	3.1	1.88e+29	3733
462	1.9	5.38e+27	3920
463	0.6	7.10e+25	3920
464	0.4	2.58e+25	3920
465	15.8	6.71e+32	3750
466	10.9	9.70e+31	3750
467	6	1.69e+31	3750
468	4.6	1.40e+30	3750
469	3.3	2.03e+29	3750
470	1.9	6.41e+27	3780
471	0.6	5.85e+25	3780
472	0.3	2.12e+25	3780
473	15.8	6.97e+32	3725
474	11.1	1.01e+32	3725
475	6.3	1.92e+31	3725
476	4.9	1.46e+30	3725
477	3.4	2.31e+29	3725
478	2	7.85e+27	3640
479	0.5	5.43e+25	3640
480	0.3	1.64e+25	3640
481	15.8	7.23e+32	3700
482	13.3	1.04e+32	3700
483	10.7	2.18e+31	3700
484	8.2	1.51e+30	3700
485	5.6	2.62e+29	3700
486	3.1	9.88e+27	3500
487	0.5	4.73e+25	3500
488	0.2	1.43e+25	3500
489	15.1	9.70e+32	3510
490	12.7	1.28e+32	3510
491	10.2	2.93e+31	3510
492	7.8	2.22e+30	3510
493	5.3	3.52e+29	3510
494	2.9	1.35e+28	3333
495	0.5	2.35e+25	3333
496	0.2	7.10e+24	3333
497	14.5	1.39e+33	3320
498	12.1	1.83e+32	3320
499	9.8	4.20e+31	3320
500	7.4	3.18e+30	3320
501	5.1	4.60e+29	3320
502	2.7	1.94e+28	3167
503	0.4	1.22e+25	3167
504	0.2	3.36e+24	3167
505	13.8	1.92e+33	3130
506	11.6	2.77e+32	3130
507	9.3	6.35e+31	3130
508	7.1	5.28e+30	3130
509	4.8	6.97e+29	3130
510	2.6	2.96e+28	3000
511	0.3	6.78e+24	3000
512	0.2	1.87e+24	3000
513	13.2	3.18e+33	2940
514	11	4.20e+32	2940
515	8.9	1.05e+32	2940
516	6.7	8.77e+30	2940
517	4.6	1.05e+30	2940
518	2.4	4.82e+28	2833
519	0.3	4.01e+24	2833
520	0.1	1.01e+24	2833
521	12.5	5.79e+33	2750
522	10.5	7.64e+32	2750
523	8.4	1.92e+32	2750
524	6.4	1.75e+31	2750
525	4.3	1.92e+30	2750
526	2.3	7.85e+28	2667
527	0.2	2.37e+24	2667
528	0.1	6.53e+23	2667
529	12.4	1.09e+34	2560
530	10.3	1.58e+33	2560
531	8.3	3.62e+32	2560
532	6.3	3.62e+31	2560
533	4.2	3.62e+30	2560
534	2.2	1.55e+29	2500
535	0.2	1.70e+24	2500
536	0.1	6.18e+23	2500
537	12.3	2.65e+34	2370
538	10.2	3.49e+33	2370
539	8.2	8.00e+32	2370
540	6.2	9.62e+31	2370
541	4.2	8.00e+30	2370
542	2.1	3.52e+29	2333
543	0.1	1.40e+24	2333
544	0.1	7.36e+23	2333
545	12.1	7.78e+34	2180
546	10.1	1.03e+34	2180
547	8.1	1.95e+33	2180
548	6.1	2.82e+32	2180
549	4.1	1.95e+31	2180
550	2.1	9.27e+29	2167
551	0.1	1.34e+24	2167
552	0.1	9.27e+23	2167
553	12	2.70e+35	1990
554	10	3.90e+34	1990
555	8	6.78e+33	1990
556	6	1.07e+33	1990
557	4.1	6.78e+31	1990
558	2.1	3.01e+30	2000
559	0.1	1.58e+24	2000
560	0.1	1.58e+24	2000
561	15.8	7.23e+32	3700
562	13.3	1.04e+32	3700
563	10.7	2.18e+31	3700
564	8.2	1.51e+30	3700
565	5.6	2.62e+29	3700
566	3.1	9.88e+27	3500
567	0.5	4.73e+25	3500
568	0.2	1.43e+25	3500
569	15.1	9.70e+32	3510
570	12.7	1.28e+32	3510
571	10.2	2.93e+31	3510
572	7.8	2.22e+30	3510
573	5.3	3.52e+29	3510
574	2.9	1.35e+28	3333
575	0.5	2.35e+25	3333
576	0.2	7.10e+24	3333
577	14.5	1.39e+33	3320
578	12.1	1.83e+32	3320
579	9.8	4.20e+31	3320
580	7.4	3.18e+30	3320
581	5.1	4.60e+29	3320
582	2.7	1.94e+28	3167
583	0.4	1.22e+25	3167
584	0.2	3.36e+24	3167
585	13.8	1.92e+33	3130
586	11.6	2.77e+32	3130
587	9.3	6.35e+31	3130
588	7.1	5.28e+30	3130
589	4.8	6.97e+29	3130
590	2.6	2.96e+28	3000
591	0.3	6.78e+24	3000
592	0.2	1.87e+24	3000
593	13.2	3.18e+33	2940
594	11	4.20e+32	2940
595	8.9	1.05e+32	2940
596	6.7	8.77e+30	2940
597	4.6	1.05e+30	2940
598	2.4	4.82e+28	2833
599	0.3	4.01e+24	2833
600	0.1	1.01e+24	2833
601	12.5	5.79e+33	2750
602	10.5	7.64e+32	2750
603	8.4	1.92e+32	2750
604	6.4	1.75e+31	2750
605	4.3	1.92e+30	2750
606	2.3	7.85e+28	2667
607	0.2	2.37e+24	2667
608	0.1	6.53e+23	2667
609	12.4	1.09e+34	2560
610	10.3	1.58e+33	2560
611	8.3	3.62e+32	2560
612	6.3	3.62e+31	2560
613	4.2	3.62e+30	2560
614	2.2	1.55e+29	2500
615	0.2	1.70e+24	2500
616	0.1	6.18e+23	2500
617	12.3	2.65e+34	2370
618	10.2	3.49e+33	2370
619	8.2	8.00e+32	2370
620	6.2	9.62e+31	2370
621	4.2	8.00e+30	2370
622	2.1	3.52e+29	2333
623	0.1	1.40e+24	2333
624	0.1	7.36e+23	2333
625	12.1	7.78e+34	2180
626	10.1	1.03e+34	2180
627	8.1	1.95e+33	2180
628	6.1	2.82e+32	2180
629	4.1	1.95e+31	2180
630	2.1	9.27e+29	2167
631	0.1	1.34e+24	2167
632	0.1	9.27e+23	2167
633	12	2.70e+35	1990
634	10	3.90e+34	1990
635	8	6.78e+33	1990
636	6	1.07e+33	1990
637	4.1	6.78e+31	1990
638	2.1	3.01e+30	2000
639	0.1	1.58e+24	2000
640	0.1	1.58e+24	2000
641	160	1.29e+34	50000
642	150	9.79e+32	50000
643	140	8.15e+32	50000
644	130	8.15e+32	50000
645	120	8.15e+32	50000
646	110	5.14e+32	50000
647	100	4.69e+32	50000
648	60	3.56e+32	50000
649	159.7	1.03e+34	47600
650	149.3	8.53e+32	47600
651	139	7.10e+32	47600
652	128.6	6.53e+32	47800
653	118.2	5.96e+32	47800
654	107.9	4.12e+32	47800
655	97.5	3.76e+32	47800
656	37	2.85e+32	47800
657	159.4	8.15e+33	45200
658	148.6	8.15e+32	45200
659	137.9	6.18e+32	45200
660	127.2	5.74e+32	45600
661	116.5	4.77e+32	45600
662	105.7	3.30e+32	45600
663	95	3.01e+32	45600
664	30	2.29e+32	45600
665	159	6.41e+33	42800
666	148	7.03e+32	42800
667	136.9	5.33e+32	42800
668	125.8	4.60e+32	43400
669	114.7	3.49e+32	43400
670	103.6	2.65e+32	43400
671	92.5	2.42e+32	43400
672	23	1.83e+32	43400
673	158.7	5.00e+33	40400
674	147.3	6.59e+32	40400
675	135.8	4.56e+32	40400
676	124.4	3.66e+32	41200
677	112.9	2.77e+32	41200
678	101.5	2.10e+32	41200
679	90	1.92e+32	41200
680	20	1.46e+32	41200
681	158.4	3.90e+33	38000
682	142	5.64e+32	38000
683	125.6	3.90e+32	38000
684	109.2	2.88e+32	39000
685	92.8	1.99e+32	39000
686	76.4	1.66e+32	39000
687	60	1.51e+32	39000
688	17.5	1.15e+32	39000
689	136.7	2.96e+33	35400
690	120.1	5.14e+32	35400
691	103.5	2.96e+32	35400
692	86.9	2.48e+32	36800
693	70.2	1.43e+32	36800
694	53.6	1.19e+32	36800
695	37	9.88e+31	36800
696	14.2	6.84e+31	36800
697	115.1	2.22e+33	32800
698	100.9	4.24e+32	32800
699	86.7	2.22e+32	32800
700	72.5	1.94e+32	34600
701	58.4	1.11e+32	34600
702	44.2	8.45e+31	34600
703	30	5.85e+31	34600
704	10.9	4.05e+31	34600
705	93.4	1.66e+33	30200
706	81.7	3.46e+32	30200
707	69.9	1.66e+32	30200
708	58.2	1.36e+32	32400
709	46.5	7.85e+31	32400
710	34.7	5.96e+31	32400
711	23	3.76e+31	32400
712	7.6	2.16e+31	32400
713	60	3.56e+32	50000
714	71.8	1.21e+33	27600
715	63.1	2.77e+32	27600
716	54.5	1.21e+32	27600
717	45.9	1.04e+32	30200
718	37.3	6.01e+31	30200
719	28.6	4.16e+31	30200
720	20	2.18e+31	30200
721	6.7	1.26e+31	30200
722	160	1.29e+34	50000
723	150	9.79e+32	50000
724	140	8.15e+32	50000
725	130	8.15e+32	50000
726	120	8.15e+32	50000
727	110	5.14e+32	50000
728	100	4.69e+32	50000
729	159.7	1.03e+34	47600
730	149.3	8.53e+32	47600
731	139	7.10e+32	47600
732	128.6	6.53e+32	47800
733	118.2	5.96e+32	47800
734	107.9	4.12e+32	47800
735	97.5	3.76e+32	47800
736	37	2.85e+32	47800
737	159.4	8.15e+33	45200
738	148.6	8.15e+32	45200
739	137.9	6.18e+32	45200
740	127.2	5.74e+32	45600
741	116.5	4.77e+32	45600
742	105.7	3.30e+32	45600
743	95	3.01e+32	45600
744	30	2.29e+32	45600
745	159	6.41e+33	42800
746	148	7.03e+32	42800
747	136.9	5.33e+32	42800
748	125.8	4.60e+32	43400
749	114.7	3.49e+32	43400
750	103.6	2.65e+32	43400
751	92.5	2.42e+32	43400
752	23	1.83e+32	43400
753	158.7	5.00e+33	40400
754	147.3	6.59e+32	40400
755	135.8	4.56e+32	40400
756	124.4	3.66e+32	41200
757	112.9	2.77e+32	41200
758	101.5	2.10e+32	41200
759	90	1.92e+32	41200
760	20	1.46e+32	41200
761	158.4	3.90e+33	38000
762	142	5.64e+32	38000
763	125.6	3.90e+32	38000
764	109.2	2.88e+32	39000
765	92.8	1.99e+32	39000
766	76.4	1.66e+32	39000
767	60	1.51e+32	39000
768	17.5	1.15e+32	39000
769	136.7	2.96e+33	35400
770	120.1	5.14e+32	35400
771	103.5	2.96e+32	35400
772	86.9	2.48e+32	36800
773	70.2	1.43e+32	36800
774	53.6	1.19e+32	36800
775	37	9.88e+31	36800
776	14.2	6.84e+31	36800
777	115.1	2.22e+33	32800
778	100.9	4.24e+32	32800
779	86.7	2.22e+32	32800
780	72.5	1.94e+32	34600
781	58.4	1.11e+32	34600
782	44.2	8.45e+31	34600
783	30	5.85e+31	34600
784	10.9	4.05e+31	34600
785	93.4	1.66e+33	30200
786	81.7	3.46e+32	30200
787	69.9	1.66e+32	30200
788	58.2	1.36e+32	32400
789	46.5	7.85e+31	32400
790	34.7	5.96e+31	32400
791	23	3.76e+31	32400
792	7.6	2.16e+31	32400
793	71.8	1.21e+33	27600
794	63.1	2.77e+32	27600
795	54.5	1.21e+32	27600
796	45.9	1.04e+32	30200
797	37.3	6.01e+31	30200
798	28.6	4.16e+31	30200
799	20	2.18e+31	30200
800	6.7	1.26e+31	30200
801	12	3.07e+32	4669
802	10.2	6.41e+31	4669
803	8.3	3.69e+30	4669
804	6.5	4.86e+29	4669
805	4.6	3.36e+28	4669
806	2.8	2.35e+27	5560
807	0.9	3.72e+26	5560
808	0.8	1.12e+26	5560
809	12.4	3.30e+32	4561
810	10.5	6.29e+31	4561
811	8.6	3.97e+30	4561
812	6.7	5.24e+29	4561
813	4.7	3.97e+28	4561
814	2.8	2.51e+27	5331
815	0.9	3.01e+26	5331
816	0.7	8.30e+25	5331
817	12.8	3.56e+32	4453
818	10.8	6.78e+31	4453
819	8.8	4.69e+30	4453
820	6.8	5.64e+29	4453
821	4.8	5.14e+28	4453
822	2.8	2.72e+27	5102
823	0.8	2.48e+26	5102
824	0.7	6.84e+25	5102
825	13.3	3.52e+32	4346
826	11.2	6.71e+31	4346
827	9.1	5.09e+30	4346
828	7	6.71e+29	4346
829	5	6.12e+28	4346
830	2.9	2.75e+27	4873
831	0.8	2.08e+26	4873
832	0.6	5.74e+25	4873
833	13.7	3.86e+32	4238
834	11.5	7.36e+31	4238
835	9.4	6.12e+30	4238
836	7.2	7.36e+29	4238
837	5.1	7.36e+28	4238
838	2.9	3.13e+27	4644
839	0.8	1.97e+26	4644
840	0.6	4.52e+25	4644
841	14.1	4.28e+32	4130
842	11.9	7.43e+31	4130
843	9.6	8.15e+30	4130
844	7.4	8.15e+29	4130
845	5.2	9.79e+28	4130
846	2.9	3.66e+27	4416
847	0.7	1.75e+26	4416
848	0.5	3.33e+25	4416
849	14.5	4.77e+32	4023
850	12.2	8.30e+31	4023
851	9.9	1.20e+31	4023
852	7.6	9.10e+29	4023
853	5.3	1.20e+29	4023
854	3	4.44e+27	4187
855	0.7	1.61e+26	4187
856	0.4	2.55e+25	4187
857	15	5.43e+32	3915
858	12.6	8.61e+31	3915
859	10.2	1.50e+31	3915
860	7.8	1.13e+30	3915
861	5.4	1.50e+29	3915
862	3	5.14e+27	3958
863	0.6	9.79e+25	3958
864	0.4	1.70e+25	3958
865	15.4	6.18e+32	3808
866	12.9	9.79e+31	3808
867	10.4	1.70e+31	3808
868	8	1.29e+30	3808
869	5.5	2.05e+29	3808
870	3	6.90e+27	3729
871	0.6	6.90e+25	3729
872	0.3	1.44e+25	3729
873	15.8	7.23e+32	3700
874	13.3	1.04e+32	3700
875	10.7	2.18e+31	3700
876	8.2	1.51e+30	3700
877	5.6	2.62e+29	3700
878	3.1	9.88e+27	3500
879	0.5	4.73e+25	3500
880	0.2	1.43e+25	3500
881	12	3.07e+32	4669
882	10.2	6.41e+31	4669
883	8.3	3.69e+30	4669
884	6.5	4.86e+29	4669
885	4.6	3.36e+28	4669
886	2.8	2.35e+27	5560
887	0.9	3.72e+26	5560
888	0.8	1.12e+26	5560
889	12.7	4.16e+32	4371
890	10.8	7.23e+31	4371
891	8.8	4.56e+30	4371
892	6.8	6.01e+29	4371
893	4.8	5.00e+28	4371
894	2.8	2.65e+27	5164
895	0.8	2.42e+26	5164
896	0.7	6.65e+25	5164
897	13.5	5.00e+32	4073
898	11.4	8.69e+31	4073
899	9.2	6.59e+30	4073
900	7.1	8.69e+29	4073
901	5	7.92e+28	4073
902	2.9	2.90e+27	4769
903	0.8	1.05e+26	4769
904	0.7	5.05e+25	4769
905	14.2	6.47e+32	3776
906	12	1.12e+32	3776
907	9.7	9.35e+30	3776
908	7.4	1.35e+30	3776
909	5.2	1.35e+29	3776
910	2.9	3.79e+27	4373
911	0.7	4.56e+25	4373
912	0.6	3.46e+25	4373
913	15	1.03e+33	3478
914	12.6	1.63e+32	3478
915	10.2	1.63e+31	3478
916	7.8	2.35e+30	3478
917	5.4	2.58e+29	3478
918	3	5.53e+27	3978
919	0.6	2.42e+25	3978
920	0.5	2.42e+25	3978
921	15.7	1.87e+33	3180
922	13.2	2.96e+32	3180
923	10.6	3.56e+31	3180
924	8.1	4.28e+30	3180
925	5.5	5.64e+29	3180
926	3	8.61e+27	3582
927	0.5	1.97e+24	3582
928	0.4	1.24e+25	3582
929	14.8	4.12e+33	2883
930	12.4	5.96e+32	2883
931	10	1.04e+32	2883
932	7.6	1.04e+31	2883
933	5.2	1.50e+30	2883
934	2.8	1.85e+28	3187
935	0.4	5.09e+23	3187
936	0.3	1.17e+24	3187
937	13.9	1.08e+34	2585
938	11.6	1.57e+33	2585
939	9.3	3.27e+32	2585
940	7.1	3.27e+31	2585
941	4.8	3.59e+30	2585
942	2.5	5.53e+28	2791
943	0.3	2.01e+23	2791
944	0.3	2.01e+23	2791
945	12.9	4.08e+34	2288
946	10.8	5.90e+33	2288
947	8.7	1.23e+33	2288
948	6.6	1.35e+32	2288
949	4.4	1.12e+31	2288
950	2.3	2.53e+29	2396
951	0.2	3.66e+23	2396
952	0.2	2.53e+23	2396
953	12	2.70e+35	1990
954	10	3.90e+34	1990
955	8	8.15e+33	1990
956	6	1.07e+33	1990
957	4.1	6.78e+31	1990
958	2.1	3.01e+30	2000
959	0.1	1.58e+24	2000
960	0.1	1.58e+24	2000
961	15.8	7.23e+32	3700
962	13.3	1.04e+32	3700
963	10.7	2.18e+31	3700
964	8.2	1.51e+30	3700
965	5.6	2.62e+29	3700
966	3.1	9.88e+27	3500
967	0.5	4.73e+25	3500
968	0.2	1.43e+25	3500
969	15.1	9.70e+32	3510
970	12.7	1.28e+32	3510
971	10.2	2.93e+31	3510
972	7.8	2.22e+30	3510
973	5.3	3.52e+29	3510
974	2.9	1.35e+28	3333
975	0.5	2.35e+25	3333
976	0.2	7.10e+24	3333
977	14.5	1.39e+33	3320
978	12.1	1.83e+32	3320
979	9.8	4.20e+31	3320
980	7.4	3.18e+30	3320
981	5.1	4.60e+29	3320
982	2.7	1.94e+28	3167
983	0.4	1.22e+25	3167
984	0.2	3.36e+24	3167
985	13.8	1.92e+33	3130
986	11.6	2.77e+32	3130
987	9.3	6.35e+31	3130
988	7.1	5.28e+30	3130
989	4.8	6.97e+29	3130
990	2.6	2.96e+28	3000
991	0.3	6.78e+24	3000
992	0.2	1.87e+24	3000
993	13.2	3.18e+33	2940
994	11	4.20e+32	2940
995	8.9	1.05e+32	2940
996	6.7	8.77e+30	2940
997	4.6	1.05e+30	2940
998	2.4	4.82e+28	2833
999	0.3	4.01e+24	2833
1000	0.1	1.01e+24	2833
1001	12.5	5.79e+33	2750
1002	10.5	7.64e+32	2750
1003	8.4	1.92e+32	2750
1004	6.4	1.75e+31	2750
1005	4.3	1.92e+30	2750
1006	2.3	7.85e+28	2667
1007	0.2	2.37e+24	2667
1008	0.1	6.53e+23	2667
1009	12.4	1.09e+34	2560
1010	10.3	1.58e+33	2560
1011	8.3	3.62e+32	2560
1012	6.3	3.62e+31	2560
1013	4.2	3.62e+30	2560
1014	2.2	1.55e+29	2500
1015	0.2	1.70e+24	2500
1016	0.1	6.18e+23	2500
1017	12.3	2.65e+34	2370
1018	10.2	3.49e+33	2370
1019	8.2	8.00e+32	2370
1020	6.2	9.62e+31	2370
1021	4.2	8.00e+30	2370
1022	2.1	3.52e+29	2333
1023	0.1	1.40e+24	2333
1024	0.1	7.36e+23	2333
1025	12.1	7.78e+34	2180
1026	10.1	1.03e+34	2180
1027	8.1	1.95e+33	2180
1028	6.1	2.82e+32	2180
1029	4.1	1.95e+31	2180
1030	2.1	9.27e+29	2167
1031	0.1	1.34e+24	2167
1032	0.1	9.27e+23	2167
1033	12	2.70e+35	1990
1034	10	3.90e+34	1990
1035	8	6.78e+33	1990
1036	6	1.07e+33	1990
1037	4.1	6.78e+31	1990
1038	2.1	3.01e+30	2000
1039	0.1	1.58e+24	2000
1040	0.1	1.58e+24	2000
1041	1.1	2.62e+27	100000
1042	0.9	1.01e+26	50400
1043	0.8	9.70e+24	25200
1044	0.7	2.29e+24	16800
1045	0.6	6.90e+23	12600
1046	0.5	2.62e+23	10080
1047	0.4	1.20e+23	8400
1048	0.3	6.84e+22	7200
1049	0.2	3.97e+22	6300
1050	0.1	2.55e+22	5600
1051	1.1	2.62e+27	100000
1052	0.9	1.01e+26	50400
1053	0.8	9.70e+24	25200
1054	0.7	2.29e+24	16800
1055	0.6	6.90e+23	12600
1056	0.5	2.62e+23	10080
1057	0.4	1.20e+23	8400
1058	0.3	6.84e+22	7200
1059	0.2	3.97e+22	6300
1060	0.1	2.55e+22	5600
1061	1.1	2.62e+27	100000
1062	0.9	1.01e+26	50400
1063	0.8	9.70e+24	25200
1064	0.7	2.29e+24	16800
1065	0.6	6.90e+23	12600
1066	0.5	2.62e+23	10080
1067	0.4	1.20e+23	8400
1068	0.3	6.84e+22	7200
1069	0.2	3.97e+22	6300
1070	0.1	2.55e+22	5600
1071	1.1	2.62e+27	100000
1072	0.9	1.01e+26	50400
1073	0.8	9.70e+24	25200
1074	0.7	2.29e+24	16800
1075	0.6	6.90e+23	12600
1076	0.5	2.62e+23	10080
1077	0.4	1.20e+23	8400
1078	0.3	6.84e+22	7200
1079	0.2	3.97e+22	6300
1080	0.1	2.55e+22	5600
1081	1.1	2.62e+27	100000
1082	0.9	1.01e+26	50400
1083	0.8	9.70e+24	25200
1084	0.7	2.29e+24	16800
1085	0.6	6.90e+23	12600
1086	0.5	2.62e+23	10080
1087	0.4	1.20e+23	8400
1088	0.3	6.84e+22	7200
1089	0.2	3.97e+22	6300
1090	0.1	2.55e+22	5600
1091	1.1	2.62e+27	100000
1092	0.9	1.01e+26	50400
1093	0.8	9.70e+24	25200
1094	0.7	2.29e+24	16800
1095	0.6	6.90e+23	12600
1096	0.5	2.62e+23	10080
1097	0.4	1.20e+23	8400
1098	0.3	6.84e+22	7200
1099	0.2	3.97e+22	6300
1100	0.1	2.55e+22	5600